1 NYC 2 2 3 4 4 6 5 8 6 10 7 12 8 14 9 16 10 18 11 20 12 22 13 24 14 26 15 28
2 LA 1 2 3 2 4 4 5 6 6 8 7 10 8 12 9 14 10 16 11 18 12 20 13 22 14 24 15 26
3 SF 1 4 2 2 4 2 5 4 6 6 7 8 8 10 9 12 10 14 11 16 12 18 13 20 14 22 15 24
4 SEATTLE 1 6 2 4 3 2 5 2 6 4 7 6 8 8 9 10 10 12 11 14 12 16 13 18 14 20 15 22
5 BOSTON 1 8 2 6 3 4 4 2 6 2 7 4 8 6 9 8 10 10 11 12 12 14 13 16 14 18 15 20
6 PHILADELPHIA 1 10 2 8 3 6 4 4 5 2 7 2 8 4 9 6 10 8 11 10 12 12 13 14 14 16 15 18
7 D.C. 1 12 2 10 3 8 4 6 5 4 6 2 8 2 9 4 10 6 11 8 12 10 13 12 14 14 15 16
8 ATLANTA 1 14 2 12 3 10 4 8 5 6 6 4 7 2 9 2 10 4 11 6 12 8 13 10 14 12 15 14
9 MIAMI 1 16 2 14 3 12 4 10 5 8 6 6 7 4 8 2 10 2 11 4 12 6 13 8 14 10 15 12
10 VEGAS 1 18 2 16 3 14 4 12 5 10 6 8 7 6 8 4 9 2 11 2 12 4 13 6 14 8 15 10
11 DALLAS 1 20 2 18 3 16 4 14 5 12 6 10 7 8 8 6 9 4 10 2 12 2 13 4 14 6 15 8
12 NASHVILLE 1 22 2 20 3 18 4 16 5 14 6 12 7 10 8 8 9 6 10 4 11 2 13 2 14 4 15 6
13 CHICAGO 1 24 2 22 3 20 4 18 5 16 6 14 7 12 8 10 9 8 10 6 11 4 12 2 14 2 15 4
14 DETROIT 1 26 2 24 3 22 4 20 5 18 6 16 7 14 8 12 9 10 10 8 11 6 12 4 13 2 15 2
15 DENVER 1 28 2 26 3 24 4 22 5 20 6 18 7 16 8 14 9 12 10 10 11 8 12 6 13 4 14 2